4291
35771
63639
63312
12948
17634
12592
61384
3404
27397
65120
55582
59275
24515
4399
28736
29546
37316
48631
13849
8813
32654
37267
5558
16403
48602
42072
59989
58814
2953
47902
5548
64654
19019
51356
40404
50660
31373
42411
64014
22171
16200
19668
43851
13549
39872
45024
31799
53968
32139
29869
12718
63327
43343
54275
7010
44828
64629
14680
16982
64926
57781
36878
31332
4275
52885
51600
54209
63198
42083
45700
27354
1500
42134
46014
24359
62364
5854
24731
28200
47447
53949
28552
54628
22284
10145
54700
24297
29272
29042
39763
58891
10260
23633
44834
59320
41298
3454
35207
27021
35744
14625
4914
26222
18182
33010
43163
7622
54143
14192
42024
56633
30874
63979
59443
51817
5650
12783
64799
40242
41127
59562
31963
20756
46183
58603
26704
26703
25219
35487
19237
8971
36267
41350
39526
58064
45618
3188
53828
5331
57334
39669
33156
20120
51406
51505
42322
36423
65503
17680
41437
46333
6730
257
25060
41929
8546
5066
3347
54791
22229
32306
39341
48046
26113
35685
48315
28211
53077
891
21561
275
17706
63854
64450
42527
18876
2727
42245
2986
11596
24278
38275
51652
28443
20255
20876
53816
60711
3004
46291
46874
33479
56329
43526
13256
3644
11701
47197
52816
65277
55778
34539
8671
51823
6573
50427
36849
2232
9169
54396
48158
45116
27300
35316
32669
27078
49436
13544
31786
23056
9963
32339
21568
58691
47995
2246
59090
54954
64934
55731
63699
18437
28462
40195
5552
33177
22183
44597
25375
35741
24086
21625
53971
5166
24314
54405
53277
49157
49974
25291
60965
43137
29871
52759
34765
13589
41048
5438
60069
16741
21681
23815
58545
35411
50114
46513
8091
11095
13770
21582
64843
57544
20527
51934
61535
13277
35854
3621
63544
26586
42371
55442
52078
17868
34908
2512
50647
58215
9438
51589
14276
29294
34730
27957
46230
38547
12048
56307
21970
53392
36424
35300
5960
13328
59545
16694
57218
58329
39769
4228
65316
4552
49824
40942
57608
28674
6426
20679
56662
58171
33958
20347
6809
46280
61140
48977
47678
43758
38606
29406
14637
4279
49521
65092
37565
26816
39173
4159
56034
61981
49193
53316
22077
18446
59237
57774
41403
52944
62131
45379
62024
46567
34968
58078
28091
38033
24302
19283
53977
54470
10020
36587
13731
42283
33791
41293
16581
14484
8912
22642
56277
64175
39223
37918
4579
45790
31638
9605
51986
33117
46950
23289
12497
15496
21471
32841
7467
3612
37710
41407
40049
46959
3040
48192
35795
39311
47209
17504
41364
22447
33902
34707
29211
37174
17206
2317
15200
412
60313
16092
45919
8478
62136
20080
47452
52871
37336
57669
29341
21001
2281
24145
1095
14312
43688
45559
9091
47393
55863
63559
7448
7576
34786
27442
42152
16277
7267
45943
48070
63764
54050
26261
49339
14771
64840
2416
17857
5383
34053
17746
43698
40549
51819
14246
44601
36249
56876
29292
50978
45338
31317
43041
13467
13106
29228
20543
23389
55685
47390
15705
24533
9909
26856
472
35084
46529
12706
45159
1891
11113
30465
34797
21312
44222
44360
11238
46369
14345
45656
22662
18505
26627
19552
29000
11617
50615
21436
44939
53716
42288
35188
8563
29915
47309
43862
38363
6914
49355
61963
13527
15958
33984
2415
928
62096
13629
32716
19054
17464
22937
8580
37376
3394
2574
17661
14400
46163
48818
31203
59224
37658
55496
44981
13163
32404
64447
52801
26799
61469
40462
65369
63681
2427
5709
59373
49672
30629
1734
43057
39547
35193
63294
21161
34482
34690
19064
18728
64158
64152
33017
33098
33248
32371
60710
34823
34045
34321
64577
27027
20234
1964
62551
41156
28424
61352
18168
23302
30942
62328
13324
46252
40660
33024
40252
55443
44254
4916
23000
61062
24051
52028
43686
35165
35041
21792
17759
24821
10275
33174
52884
59652
9996
43728
3810
7350
14564
41416
9165
15398
54277
6974
54701
23684
63088
6513
59616
29200
19064
49074
4483
52411
64437
6608
23570
2242
26149
20763
43872
58627
20032
21884
64190
48326
32782
22914
37681
669
16454
30203
22898
51849
35987
5033
57676
29215
39463
12629
30520
52005
41842
33038
54238
57271
59946
35341
33745
49863
53516
17629
8586
46401
17481
60950
36292
52027
61292
24717
11237
50624
20291
7100
29347
57647
52439
1321
38316
17943
14165
60801
47312
48957
5378
19088
41407
31498
594
28789
44966
24026
18714
50207
35143
46296
52206
62096
20454
41894
37450
39062
43164
10510
42111
2301
56237
3531
24936
63793
64457
64334
10122
59504
10856
40030
40431
37436
58561
20022
25296
52215
57989
6899
40316
54685
40618
34212
20934
37075
40918
61916
15461
52766
4807
64497
1176
8272
10982
2234
14124
32885
64752
19450
34094
47792
29362
59226
21467
48463
28322
64002
45014
47247
61317
11790
403
44500
51460
46525
32888
57957
29426
45817
54232
21120
14214
43040
51341
4101
11816
3570
42596
41519
36318
16318
56626
23610
58634
8448
17805
62915
11674
46794
36876
56040
55776
14231
11904
62154
16514
7697
45286
27213
64131
43788
23014
13814
9857
4209
26923
59979
15690
38642
2740
37981
28374
21172
64946
57050
59696
3152
19002
59603
5560
35795
59005
17663
47595
24286
4527
2251
2244
61937
46933
11251
28143
39888
8392
43676
9668
16555
1909
30294
20892
62905
10286
48395
186
36233
25000
399
51203
62890
15823
61050
48954
38811
18816
21446
42766
36236
34907
59438
16503
65444
36249
56069
31227
48217
44658
4207
39575
28249
29199
47739
25183
20660
56668
31883
44843
3717
47501
7404
23865
31491
10812
6648
14825
59692
13984
1474
9923
19472
43038
64531
17907
41468
23102
42071
54527
61896
52322
10831
26455
51866
10152
16219
34369
32689
41547
16576
28573
33700
4361
59517
11804
21781
56764
45905
38255
27247
33673
19122
41097
48915
5242
35373
12494
58082
21683
4034
30756
18686
17510
64518
15956
42228
54883
35834
22996
18897
21650
24919
54641
5540
4508
39205
25922
41364
28195
39377
40630
23420
35824
52269
22244
17899
57696
9082
8318
20205
1649
31501
64923
12619
51816
53571
27047
24358
55362
23275
11020
33916
53344
17684
15126
17435
57925
55427
13126
11866
10531
3982
21053
57070
40063
44870
25941
14860
33469
40461
57326
63989
26921
44489
41944
63523
37686
60833
34830
45562
11407
2155
27061
37712
54914
20488
32792
12930
9264
5461
